.comment arachne-pnr 0.1+ (git sha1 UNKNOWN, g++ 6.3.0-18ubuntu2~14.04 -O2)
.device 384
.io_tile 1 0
000000000000000000
000000000000000000
000000000000000000
000000000000000000
000000000000000000
000000000000000000
000000000000000000
000000000000000000
000000000000000000
000000000000000000
000000000000000000
000000000000000000
000000000000000000
000000000000000000
000000000000000000
000000000000000000
.io_tile 2 0
000000000000000000
000000000000000000
000000000000000000
000000000000000000
000000000000000000
000000000000000000
000000000000000000
000000000000000000
000000000000000000
000000000000000000
000000000000000000
000000000000000000
000000000000000000
000000000000000000
000000000000000000
000000000000000000
.io_tile 3 0
000000000000000000
000000000000000000
000000000000000000
000000000000000000
000000000000000100
000000000000001100
000000000000000000
000000000000000000
000000000000000000
000000000000000000
000000000000000000
000000000000000000
000000000000000000
000000110000000000
000000000000000000
000000000000000000
.io_tile 4 0
000000000000000000
000000000000000000
000000110000000000
000000001000000000
000000000000001100
000000000000000000
000000000000000000
000000000000000000
000000000000000000
000000000000000000
000000000000000000
000000000000000000
000000000000000000
000000000000000000
000000000000000000
000000000000000000
.io_tile 5 0
000000000000000000
000000000000000000
000000000000000000
000000000000000000
000000000000000000
000000000000000000
000000000000000000
000000000000000000
000000000000000000
000000000000000000
000000000000000000
000000000000000000
000000000000000000
000000000000000000
000000000000000000
000000000000000000
.io_tile 6 0
000000000000000000
000000000000000000
000000000000000000
000000000000000000
000000000000000000
000000000000000000
000000000000000000
000000000000000000
000000000000000000
000000000000000000
000000000000000000
000000000000000000
000000000000000000
000000000000000000
000000000000000000
000000000000000000
.io_tile 0 1
000000000000000000
000000000000000000
000000000000000000
000000000000000000
000000000000000000
000000000000000000
000000000000000000
000000000000000000
000000000000000000
000000000000000000
000000000000000000
000000000000000000
000000000000000000
000000000000000000
000000000000000000
000000000000000000
.logic_tile 1 1
000000000000000000000000000000000000000000000000000000
000000000110000000000000000000000000000000000000000000
000000000000000000000000000000000000000000000000000000
000000000100000000000000000000000000000000000000000000
000000000000000000000000000000000000000000000000000000
000000000000000000000000000000000000000000000000000000
000000000000000000000000000000000000000000000000000000
000000000000000000000000000000000000000000000000000000
000000000000000000000000000000000000000000000000000000
000000000000000000000000000000000000000000000000000000
000000000000000000000000000000000000000000000000000000
000000000000000000000000000000000000000000000000000000
000000000000000000000000000000000000000000000000000000
000000000000000000000000000000000000000000000000000000
000000000000000000000000000000000000000000000000000000
000000000000000000000000000000000000000000000000000000
.logic_tile 2 1
000000000000000000000000000000000000000000000000000000
000000000000000000000000000000000000000000000000000000
000000000000000000000000000000000000000000000000000000
000000000000000000000000000000000000000000000000000000
000000000000000000000000000000000000000000000000000000
000000000000000000000000000000000000000000000000000000
000000000000000000000000000000000000000000000000000000
000000000000000000000000000000000000000000000000000000
000000000000000000000000000000000000000000000000000000
000000000000000000000000000000000000000000000000000000
000000000000000000000000000000000000000000000000000000
000000000000000000000000000000000000000000000000000000
000000000000000000000000000000000000000000000000000000
000000000000000000000000000000000000000000000000000000
000000000000000000000000000000000000000000000000000000
000000000000000000000000000000000000000000000000000000
.logic_tile 3 1
000000000000000000000000000000000000000000000000000000
000000000000000000000000000000000000000000000000000000
000000000000000000000000000000000000000000000000000000
000000000000000000000000000000000000000000000000000000
000000000000000000000000000000000000000000000000000000
000000000000000000000000000000000000000000000000000000
000000000000000000000000000000000000000000000000000000
000000000000000000000000000000000000000000000000000000
000000000000000000000000000000000000000000000000000000
000000000000000000000000000000000000000000000000000000
000000000000000000000000000000000000000000000000000000
000000000000000000000000000000000000000000000000000000
000000000000000000000000000000000000000000000000000000
000000000000000000000000000000000000000000000000000000
000000000000000000000000000000000000000000000000000000
000000000000000000000000000000000000000000000000000000
.logic_tile 4 1
000000000000000000000000000000000000000000000000000000
000000000000000000000000000000000000000000000000000000
000000000000000000000000000000000000000000000000000000
000000000000000000000000000000000000000000000000000000
000000000000000000000000000000000000000000000000000000
000000000000000000000000000000000000000000000000000000
000000000000000000000000000000000000000000000000000000
000000000000000000000000000000000000000000000000000000
000000000000000000000000000000000000000000000000000000
000000000000000000000000000000000000000000000000000000
000000000000000000000000000000000000000000000000000000
000000000000000000000000000000000000000000000000000000
000000000000000000000000000000000000000000000000000000
000000000000000000000000000000000000000000000000000000
000000000000000000000000000000000000000000000000000000
000000000000000000000000000000000000000000000000000000
.logic_tile 5 1
000000000000000000000000000000000000000000000000000000
000000000000000000000000000000000000000000000000000000
111000000000000000000000001000000000000000000100000010
000000000000000000000000001111000000000010000000000000
010000000000000000000000000000000000000000000000000000
100000000000000000000000000000000000000000000000000000
000000000000000000000000000000000000000000000100000000
000000000000000000000000001111000000000010000000000000
000000000000000000000000000000000000000000000000000000
000000000000000000000000000000000000000000000000000000
000000000000000000000000000000000000000000000000000000
000000000000000000000000000000000000000000000000000000
000000000000000000000110110000000000000000000100000100
000000000000000000000010101111000000000010000000000000
010000000000000000000000010000000000000000000000000000
000000000000000000000010100000000000000000000000000000
.logic_tile 6 1
000000000000000000000000000000000000000000000000000000
000000000000000000000000000000000000000000000000000000
111000000000000000000000001000000000000000000100000010
000000000000000000000000001101000000000010000000000000
010000000000000000000110010000000000000000000100000000
000000000000000000000010001011000000000010000000000000
000000000000000000000000010000000000000000000100000000
000000000000000000000010001101000000000010000000000000
000000000000000000000000010000000000000000000000000000
000000000000000000000011010000000000000000000000000000
000000000000000000000000000000000000000000000000000000
000000000000000000000000000000000000000000000000000000
000000000000000000000000000000000000000000000100000000
000000000000000000000000001101000000000010000000000000
000000000000000000000000000000000000000000000000000000
000000000000000000000000000000000000000000000000000000
.io_tile 7 1
000000000000000000
000000000000000000
000000000000000000
000000000000000000
000000000000000000
000000000000000000
000000000000000000
000000000000000000
000000000000000000
000000000000000000
000000000000000000
000000000000000000
000000000000000000
000000000000000000
000000000000000000
000000000000000000
.io_tile 0 2
000000000000000000
000000000000000000
000000000000000000
000000000000000000
000000000000000000
000000000000000000
000000000000000000
000000000000000000
000000000000000000
000000000000000000
000000000000000000
000000000000000000
000000000000000000
000000000000000000
000000000000000000
000000000000000000
.logic_tile 1 2
000000000000000000000000000000000000000000000000000000
000000000000000000000000000000000000000000000000000000
000000000000000000000000000000000000000000000000000000
000000000000000000000000000000000000000000000000000000
000000000000000000000000000000000000000000000000000000
000000000000000000000000000000000000000000000000000000
000000000000000000000000000000000000000000000000000000
000000000000000000000000000000000000000000000000000000
000000000000000000000000000000000000000000000000000000
000000000000000000000000000000000000000000000000000000
000000000000000000000000000000000000000000000000000000
000000000000000000000000000000000000000000000000000000
000000000000000000000000000000000000000000000000000000
000000000000000000000000000000000000000000000000000000
000000000000000000000000000000000000000000000000000000
000000000000000000000000000000000000000000000000000000
.logic_tile 2 2
000000000000000000000000000000000000000000000000000000
000000000000000000000000000000000000000000000000000000
000000000000000000000000000000000000000000000000000000
000000000000000000000000000000000000000000000000000000
000000000000000000000000000000000000000000000000000000
000000000000000000000000000000000000000000000000000000
000000000000000000000000000000000000000000000000000000
000000000000000000000000000000000000000000000000000000
000000000000000000000000000000000000000000000000000000
000000000000010000000000000000000000000000000000000000
000000000000000000000000000000000000000000000000000000
000000000000000000000000000000000000000000000000000000
000000000000000000000000000000000000000000000000000000
000000000000000000000000000000000000000000000000000000
000000000000000000000000000000000000000000000000000000
000000000000000000000000000000000000000000000000000000
.logic_tile 3 2
000000000000000000000000000000000000000000000000000000
000000000000000000000000000000000000000000000000000000
000000000000000000000000000000000000000000000000000000
000000000000000000000000000000000000000000000000000000
000000000000000000000000000000000000000000000000000000
000000000000000000000000000000000000000000000000000000
000000000000000000000000000000000000000000000000000000
000000000000000000000000000000000000000000000000000000
000000000000000000000000000000000000000000000000000000
000000000000000000000000000000000000000000000000000000
000000000000000000000000000000000000000000000000000000
000000000000000000000000000000000000000000000000000000
000000000000000000000000000000000000000000000000000000
000000000000000000000000000000000000000000000000000000
000000000000000000000000000000000000000000000000000000
000000000000000000000000000000000000000000000000000000
.logic_tile 4 2
000000000000000000000000000000000000000010000000000010
000000000000000000000011100011000000000000000000000000
111000000000000000000000000000000000000000000000000000
000000000000000000000000000000000000000000000000000000
010000000000000000000000011101000000000011000100000000
010000000000000000000010001011100000000010000000000100
000000000000000000000000000000000000000000000000000000
000000000000000000000000000000000000000000000000000000
000000000000001000000000000000000000000000000000000000
000000000000000111000000000000000000000000000000000000
000000000000000000000000010000000000000000000000000000
000000000000000000000011010000000000000000000000000000
000000000000000000000000000000000000000000000000000000
000000000000000000000000000000000000000000000000000000
010000000000000000000000000000000000000000000000000000
000000000000000000000000000000000000000000000000000000
.logic_tile 5 2
000000000000000000000010100000000000000000000000000000
000000000000000000000000000000000000000000000000000000
111000000000000000000000000000000000000000000100000000
000000000000000000000000001001000000000010000000000000
110000000000000000000000000000000000000000000100000000
000000000000000000000000000111000000000010000000100000
000000000000000000000000000000000000000000000000000000
000000000000000000000000000000000000000000000000000000
000000000000000000000000010000000000000000000100000000
000000000000000000000010101011000000000010000000000000
000000000000000000000000000000000000000000000000000000
000000000000000000000000000000000000000000000000000000
000000000000000101100000001000000000000000000100000000
000000000000000000000000000111000000000010000000000000
000000000000000101100000000000000000000000000000000000
000000000000000000000000000000000000000000000000000000
.logic_tile 6 2
000000000000000000000000000000000000000000000000000000
000000000000000000000000000000000000000000000000000000
111000000000000000000000001000000000000000000100000000
000000000000000000000000000101000000000010000000000000
010000000000000000000000001000000000000000000100000000
100000000000001101000000000101000000000010000000000000
000000000000000101000000000000000000000000000000000000
000000000000001101100000000000000000000000000000000000
000000000000000000000000000000000000000000000000000000
000000000000000000000000000000000000000000000000000000
000000000000000000000000000000000000000000000100000000
000000000000000000000000000101000000000010000000000000
000000000000000000000000000000000000000000000000000000
000000000000000000000000000000000000000000000000000000
010000000000000000000000000000000000000000000000000000
000000000000000000000000000000000000000000000000000000
.io_tile 7 2
000000000000000000
000000000000000000
000000000000000000
000000000000000000
000000000000000000
000000000000000000
000000000000000000
000000000000000000
000000000000000000
000000000000000000
000000000000000000
000000000000000000
000000000000000000
000000000000000000
000000000000000000
000000000000000000
.io_tile 0 3
000000000000000000
000000000000000000
000000000000000000
000000000000000000
000000000000000000
000000000000000000
000000000000000000
000000000000000000
000000000000000000
000000000000000000
000000000000000000
000000000000000000
000000000000000000
000000000000000000
000000000000000000
000000000000000000
.logic_tile 1 3
000000000000000000000110000001100000000000001000000000
000000000000000000000011100000100000000000000000001000
111000000000000101000110000000000001000000001000000000
000000000000000000100000000000001000000000000000000000
010000000000000000000000000000001000001100111100000000
010000000000000000000000000000001101110011000000000000
000000000000000000000000000000001000001100110100000000
000000000000000000000000000000001001110011000000000000
000000000000000000000000010000000000000000000000000000
000000000000000111000010000000000000000000000000000000
000000000000000000000000000000000000000000000000000000
000000000000000000000000000000000000000000000000000000
000000000000000000000000000000000000000000000000000000
000000000000000000000000000000000000000000000000000000
110000000000000011100000000011000001001100110100000000
110000000000000000000000000000001001110011000000000000
.logic_tile 2 3
000000000000000000000000000000000000000000000000000000
000000000000000000000000000000000000000000000000000000
111000000000000000000000000000000000000000000000000000
000000000000000000000000000000000000000000000000000000
000000000000100000000000000000000000000000000000000000
000000000000000000000000000000000000000000000000000000
000000000000000000000000001000000000000000000110000000
000000000000000000000000000011000000000010000001000100
000000000000000000000000000000000000000000000000000000
000000000000000000000000000000000000000000000000000000
000000000000000011100000000000000000000000000000000000
000000000000000000100000000000000000000000000000000000
000000000000000000000000000000000000000000000000000000
000000000000000000000000000000000000000000000000000000
000000000000000000000000000000000000000000000000000000
000000000000000000000000000000000000000000000000000000
.logic_tile 3 3
000000000000000000000000000101100000000000001000000000
000000000000000000000000000000100000000000000000001000
000000000000000000000010100000000000000000001000000000
000000000000001101000100000000001011000000000000000000
000000000000000000000000010000001001001100111000000000
000000000000000000000010010000001111110011000000000000
000000000000000000000000000000001001001100111000000000
000000000000000000000010010000001100110011000000000000
000000000000000000000000000000001000001100111000000000
000000000000000000000000000000001111110011000000000010
000000000001000101100000000000001001001100111000000000
000000000000000000000000000000001110110011000000000000
000000000000000000000110100000001001001100111000000000
000000000000000000000000000000001000110011000000000000
000000000000001000000110100000001001001100111000000000
000000000000000101000000000000001001110011000000000000
.logic_tile 4 3
000000000000000000000000011011111110000010000000000000
000000000000000000000010101101001111000000000000000000
111000000000000101100000001011100001000011110000000000
000000000000001101000000001111101010000011100010000000
000000000000000011100110100000000000000000000000000000
000000000000000000100000000000000000000000000000000000
000000000000000000000110001101000000000001000100000000
000000000000001101000000000101000000000000000000000000
000000000000000000000000001001100000000001000100000000
000000000010000000000000000001000000000000000000000000
000000000000000001100000011101000000000001000100000000
000000000000000000000011110101100000000000000000000000
000000000000000000000110000000000000000000000000000000
000000000000000000000000000000000000000000000000000000
010000000000001000000000011001000000000001000100000000
000000000000000001000011000101100000000000000000000000
.logic_tile 5 3
000000000000000011100110011001100000000001010100000000
000000000000000000100010001001001100000001101000000000
111000000000000001100010101001000000000001010100000001
000000000000000101000110101001101110000001101000000000
110000000000001101000010100001000000000001010100000000
100000000000000001000110111101101100000001101000000000
000000000000000000000000010011100000000001010100000000
000000000000000000000010001101001110000001101000000000
000000000000001000000000000101100000000001010100000000
000000000000001111000000000101101100000001101000000000
000000000000001000000000000011000000000011000100000000
000000000000000001000000000001000000000010001000000000
000000000010001000000000001101000000000001010100000000
000000000000001111000000000001001100000001101000000000
010000000000000000000000000000000000000000000000000000
000000000000000000000000000000000000000000000000000000
.logic_tile 6 3
000000000000000000000000001000000000000000000100000000
000000000000000000000000000001000000000010000000000000
111000000000001000000111101000000000000000000100000000
000000000000000001000100001001000000000010000000000000
010000000000001001100000000000000000000000000000000000
000000000000000001000000000000000000000000000000000000
000000000000000000000000000000000000000000000000000000
000000000000100000000000000000000000000000000000000000
000000000000000000000000000000000000000000000100000000
000000000000000000000000000101000000000010000000000000
000000000000000000000000000000000000000000000100000000
000000000000000000000000000101000000000010000000100000
000000000000000000000000000000000000000000000000000000
000000000000000000000000000000000000000000000000000000
000000000000000000000000000000000000000000000000000000
000000000000000000000000000000000000000000000000000000
.io_tile 7 3
000000000000000000
000000000000000000
000000000000000000
000000000000000000
000000000000000000
000000000000000000
000000000000000000
000000000000000000
000000000000000000
000000000000000000
000000000000000000
000000000000000000
000000000000000000
000000000000000000
000000000000000000
000000000000000000
.io_tile 0 4
000000000000000000
000000000000000000
000000000000000000
000000000000000000
000000000000001100
000000000000001000
001000000000000000
000000000000000000
000000000000000000
000100000000000000
000000000000000000
010011010000000000
000000000000000000
000000000000000001
000000000000000000
000000000000000000
.logic_tile 1 4
000000000000000000000010101001100000000001110000000000
000000000000000000000010011101001011000000110000000001
111000000000001001000000001101000000000001000000000000
000000000000001011000000000001100000000011000010000000
010000000000000000000010100000000000000000000000000000
010000000000000000010110100000000000000000000000000000
000000000000000001100010100000000000000000000000000000
000000000000000000000000000000000000000000000000000000
010000000000000000000000001101001001010000000000000000
100000000010000000000000001101111010000000000000000100
000000000000000001100000001000000000000010000100000000
000000000000000000000000000011000000000000000000000000
000000000000000000000000000000000000000000000000000000
000000000000000000000000000000000000000000000000000000
010000000000000000000000000000000000000000000000000000
010000000000000000000000000000000000000000000000000000
.logic_tile 2 4
000000000000000000000111101001000001000001010100000000
000000000000000000000000001101101101000001101000000000
111000000000000000000000000000000000000000000000000000
000000000000000000000000000000000000000000000000000000
110000000000001000000000011101000000000000000100000000
100000000000000001000010001011000000000001001000000000
000000000000000000000010100000000000000000000000000000
000000000000000000000100000000000000000000000000000000
000000000000000000000000000000000000000000000000000000
000000000000000000000000000000000000000000000000000000
000000000000000000000000000000000000000000000000000000
000000000000000000000010110000000000000000000000000000
000000000000000000000000001101000000000001000100000000
000000000000000000000000001011100000000011001001000000
010000000000000000000000000000000000000000000000000000
000000000000000000000000000000000000000000000000000000
.logic_tile 3 4
000000000000001101000000010000001001001100111000000000
000000000000000001100010000000001010110011000000010000
111000000000000000000000000000001001001100111000000000
000000000000000000000000000000001111110011000000000000
000000000000000101000110000000001000001100110000000000
000000000000000000100000000000001011110011000000000000
000000000000000001100010101001000000000000110100000000
000000000000000000000010101011101000000001110000000010
000000000000000001100000001101100000000001000100000000
000000000000000000000000000011100000000000000000000010
000000000000001000000110101001000000000001000100000001
000000000000000101000000000111000000000000000000000000
000000000000000000000000001011000000000000110100000000
000000000000000000000000001111001010000001110000000000
010000000000001000000110111101100000000000110100000000
000001000000000101000010001011101000000001110000000000
.logic_tile 4 4
000000000000000001000110001101111001000000000000000000
000000000000000101100000000101011011100000000000000000
000000000000001001100111000000000000000000000000000000
000000000000001011000000000000000000000000000000000000
000000000000000011100110111101100000000010000000000000
000000000000000101100010001101101011000000000000000000
000000000000001101100110110101000001000000100000000000
000000000000001011000010100001001011000000000000000000
000000000000001101000111000001001100000011100000000000
000000000000000001100000000011101000000011110000000000
000000000000000000000000000101011000000010000000000000
000000000000000000000000000001001101000000000000000000
000000000000000101000000000001101010000000000000000001
000000000000000000100000000111011000100000000000000000
000000000000000000000000000011000000000000010000000000
000000001100000000000000000101001001000000000000000000
.logic_tile 5 4
000000000000000000000000001111000000000011010001000000
000000000000000000000010011001001001000011110000000000
111000000000000000000000010000000000000000000000000000
000000000000000000000010100000000000000000000000000000
110000000000000011100000000000000000000000000100000000
000000000000000000100000000101000000000010000000000000
000000000000000000000000001000000000000000000100000000
000000000000000000000000000011000000000010000000000000
000000000000000101100000000000000000000000000000000000
000000000000000000000000000000000000000000000000000000
000000000000000011000000000000000000000000000000000000
000000000000000000000000000000000000000000000000000000
000000000000000000000000000000000000000000000000000000
000000000000001001000000000000000000000000000000000000
000000000000000000000000000000000000000000000100000000
000000000000000000000000000011000000000010000000000000
.logic_tile 6 4
000000000000000000000000000000000000000000000000000000
000000000000000000000000000000000000000000000000000000
111000000000000000000000001000000000000000000100000000
000000000000000000000000000011000000000010000001000000
010000000000000000000000000000000000000000000000000000
100000000000000000000000000000000000000000000000000000
000000000000000000000000000000000000000000000000000000
000000000000000000000000000000000000000000000000000000
000000000000000000000000000000000000000000000000000000
000000000000000000000000000000000000000000000000000000
000000000000000011000000000000000000000000000000000000
000000000000000000000000000000000000000000000000000000
000000000000000000000000000000000000000000000000000000
000000000000000000000000000000000000000000000000000000
010000000000000000000000000000000000000000000000000000
000000000000010000000000000000000000000000000000000000
.io_tile 7 4
000000000000000000
000000000000000000
000000110000000000
000000000000000000
000000000000001100
000000000000000000
000000000000000000
000000000000000000
000000000000000000
000000000000000000
000000000000000000
000000000000000000
000000000000000000
000000000000000000
000000000000000000
000000000000000000
.io_tile 0 5
000000000000000000
000000000000000000
000000000000000000
000000000000000000
000000000000000100
000000000000001000
000000000000000000
000000000000000000
000010000000000000
000010010000000000
000000000000000000
000000000000000000
000000000000000000
000000000000000000
000000000000000000
000000000000000000
.logic_tile 1 5
000000000000000000000000001101011101000111110000000000
000000000000000000000000000111011011000011110000000000
111000000000000001100110001011100000000010000000000001
000000000000000001000000001001001010000000000000000011
000000000000000000000000000000000000000000000000000000
000000000000001011000000000000000000000000000000000000
010000000000000011100110001011100001000010000000000100
110000000000000101100000001001001000000000000000000000
000000000000000000000110101011100001000000010100000000
000000000000000000000000000101101110000000000000000000
000000000000001000000010001111111100110000000100000000
000000000000000001000010000101011101111000000000000000
000000000000000000000000001011100000000001000101000001
000000000000000000000000000001100000000000000000000000
000000000000000001100000001011100000000001000101000000
000000000000000000010000001011000000000000000000000000
.logic_tile 2 5
000000000000000000000111100000000000000000000000000000
000000000000000000000000000000000000000000000000000000
111000000000000000000000000000000000000000000000000000
000000000000000000000000000000000000000000000000000000
110000000000000000000000000000000000000000000000000000
000000000000000000000000000000000000000000000000000000
000000000000000000000000001011100000000000000000000000
000000000000001011000000000101100000000001000000000000
000000000000000000000000000000000000000000000000000000
000000000000000000000000000000000000000000000000000000
000000100000000000000000010000000000000000000000000000
000001000000000000000010100000000000000000000000000000
000000000000000000000000000000000000000000000000000000
000000000000000000000000000000000000000000000000000000
000000000000000000000000000000000000000000000100000000
000000000000000000000000001001000000000010000000000000
.logic_tile 3 5
000000000000001000000000000000000000000000000000000000
000000000000001111000011000000000000000000000000000000
111000000000000001100110011101100000000010000000000000
000000000000000000000010001111100000000000000000000010
000000000000001000000000000001100000000001000000000100
000000000000001111000000001001000000000000000000000000
000000000000001000000110000000000000000000000000000000
000000000000000001000000000000000000000000000000000000
000000000000001000000000000001100000000000110000000000
000000000000001011000000001001001100000000100000000000
000000000000000000000000001001000001000011010100000000
000000000000000000000000001001001010000011000000000000
000000000000001000000000001111101110111011110100100000
000000000000001011000000001001001001110011110000000000
000000000000000000000000010101101101110000000100000000
000000000000001001000011100101101111111000000000000000
.logic_tile 4 5
000000000000000000000110000000000000000000000000000000
000000000000000000000000000000000000000000000000000000
111100000000000000000000000001100000001100110000000000
000000000000001101000000000000001001110011000000000000
000000000000000001100000000000000000000000000000000000
000000000000000000000000000000000000000000000000000000
000000000000000000000000001101000000000001000100100001
000001000000000101000000000101000000000000000000000000
000000000000000000000000000000000000000000000000000000
000000000000000000000000000000000000000000000000000000
000000000000000000000000000000000000000000000000000000
000000000000000000000000000000000000000000000000000000
000000000000000000000000000000000000000000000000000000
000000000000000000000000000000000000000000000000000000
010000000000000000000000000000000000000000000000000000
000000000000000000000000000000000000000000000000000000
.logic_tile 5 5
000000000000000000000000010111100000000000001000000000
000000000000000000000010000000100000000000000000001000
111000000000000101000110000000000001000000001000000000
000000000000000000100000000000001000000000000000000000
110000000000000000000110000000001001001100111000000000
100000000000000000000000000000001110110011000000000000
000000000000000101000000000000001001001100110000000000
000000000000000011100000000000001001110011000000000000
000000000000000000000000001111111001000000000000000000
000000000000000000000000000111111010100000000001000000
000000000000000000000000001001000000000000000100000000
000000000000000000000000000101100000000001000000000000
000000000000000000000000000000000000000000000000000000
000000000000000000000000000000000000000000000000000000
010000000000000001100000001101000000000000000100000000
000000000000000000000010110101100000000001000000000000
.logic_tile 6 5
000000000000000000000000000000000000000000000000000000
000000000000000000000000000000000000000000000000000000
111000000000000000000000000000000000000000000100000000
000000000000000000000000001111000000000010000000000000
010000000000000000000000000000000000000000000000000000
000000000000000000000000000000000000000000000000000000
000000000000000000000000000000000000000000000000000000
000000000000000000000000000000000000000000000000000000
000000000000000000000000000000000000000000000000000000
000000000000000000000000000000000000000000000000000000
000000000000000000000000000000000000000000000000000000
000000000000000000000000000000000000000000000000000000
000000000000000000000000000000000000000000000000000000
000000000000000000000011000000000000000000000000000000
000000000000100000000000000000000000000000000000000000
000000000001000000000000000000000000000000000000000000
.io_tile 7 5
000000000000000000
000000000000000000
000000000000000000
000000000000000000
000000000000000000
000000000000000000
000000000000000000
000000000000000000
000000000000000000
000000000000000000
000000000000000000
000000000000000000
000000000000000000
000000000000000000
000000000000000000
000000000000000000
.io_tile 0 6
000000000000000000
000000000000000000
000000000000000000
000000000000000000
000000000000000000
000000000000000000
000000000000000000
000000000000000000
000000000000000000
000000000000000000
000000000000000000
000000000000000000
000000000000000000
000000000000000000
000000000000000000
000000000000000000
.logic_tile 1 6
000000000000000000000000000101000000000010000100000000
000000000000000000000000000101000000000011000001000000
111000000000000000000000000000000000000000000000000000
000000000000000000000000000000000000000000000000000000
110000000000001101000000000000000000000000000000000000
010000000000100001000000000000000000000000000000000000
000000000000000000000000000000000000000000000000000000
000000000000000000000000000000000000000000000000000000
000000000000000000000000010000000000000000000000000000
000000000000000000000010100000000000000000000000000000
000000000000000000000000000000000000000000000000000000
000000000000000000000000000000000000000000000000000000
000000000000000000000000000000000000000000000000000000
000000000000000000000000000000000000000000000000000000
010000000000000000000000000000000000000000000000000000
000000000000000000000000000000000000000000000000000000
.logic_tile 2 6
000000000001000000000111100000000000000000000000000000
000001000000000000000000000000000000000000000000000000
111000000000000101000000011001111011000010000000000000
000000000000001101100010000011111010000000000000000000
000000000000000111100010100001001100101111110000000000
000000000000000000000110111111101010111111110000000000
000000000000001000000110000000000000000000000000000000
000000000000000001000000000000000000000000000000000000
000001000000000001100010100011000001000000000100000000
000000100000000000100000001111001000000000010000000000
000000000000000001100000000111000000000000000100000000
000000000000000000000000001011001011000000010000000000
000001000000000001100010100011000000000000000100000000
000010100000000000100000001111001011000000010000000000
010000000000000000000000000111000001000000000100000000
000000000000000000000000001011001000000000010000000000
.logic_tile 3 6
000000000000000000000010100000000000000000000000000000
000000000000000000000100000000000000000000000000000000
111000000000000000000000000000000000000000000000000000
000000000010000000000000000000000000000000000000000000
000000000000000000000111110111100000001100110000000000
000000000000000000000110000000001111110011000000000000
000000000000000000000000000101000000000000000110000000
000000000000000000000000001001101011000000010000000001
000000000000000000000000000000000000000000000000000000
000000000000000000000000000000000000000000000000000000
000000000000000000000000000000000000000000000000000000
000000000000000000000000000000000000000000000000000000
000000000000000000000110000000000000000000000000000000
000000000000000000000000000000000000000000000000000000
010000000000001000000000000000000000000000000000000000
000000000000000101000000000000000000000000000000000000
.logic_tile 4 6
000000000000000000000110000000000000000000000000000000
000000000000000000000000000000000000000000000000000000
111000000000001000000000000000000000000000000000000000
000000000000000001000000000000000000000000000000000000
110000000000000000000000000000000000000000000000000000
100000000000000000000000000000000000000000000000000000
000000000000000000000000010001100001001100110000000000
000000000000000000000010000000001011110011000000000000
000000000000000000000000000000000000000010000010000000
000000000000000000000000000000000000000000000001000000
000000000000000000000000010000000000000000000000000000
000000000000000000000011010000000000000000000000000000
000000000000000000000000001001000000000000000100000000
000000000000000000000000001011100000000001000000000000
010000000000000000000000000000000000000000000000000000
000000000000000000000000000000000000000000000000000000
.logic_tile 5 6
000000000000000000000000000000000000000000000000000000
000000000000000000000000000000000000000000000000000000
111000000000000011100000010000000000000000000000000000
000000000000000000000010100000000000000000000000000000
010000000000000000000110000000000000000000000000000000
110000000000000000000000000000000000000000000000000000
000000000000000001100000001001111100111011110000000000
000000000000000000000000000001101110110011110000000000
000000000000000000000000000000000000000000000000000000
000000000000000000000000000000000000000000000000000000
000000000000001000000000000101100000000010000100000000
000000000000001111000000000111000000000000000000000000
000000000000000000000000000000000000000000000000000000
000000000000000001000000000000000000000000000000000000
010000000000000000000000000000000000000000000000000000
000000000000000000000000000000000000000000000000000000
.logic_tile 6 6
000000000000000101000000000000000000000000000000000000
000000000000000000000000000000000000000000000000000000
111000000000000000000000000000000000000000000000000000
000000000000000000000000000000000000000000000000000000
010000000000000000000000000000000000000000000000000000
100000000000000000000000000000000000000000000000000000
000000000000000000000000000000000000000000000000000000
000000000000000000000000000000000000000000000000000000
000000000000000000000000000000000000000000000000000000
000000000000000000000000000000000000000000000000000000
000000000000000000000000000000000000000000000000000000
000000000000000000000000000000000000000000000000000000
000010000000000000000000000000000000000000000000000000
000001000000000000000000000000000000000000000000000000
010000000000000000000000000000000000000000000100000100
000000000000000000000000000001000000000010000000000100
.io_tile 7 6
000000000000000000
000000000000000000
000000000000000000
000000000000000000
000000000000000000
000000000000000000
000000000000000000
000000000000000000
000000000000000000
000000000000000000
000000000000000000
000000000000000000
000000000000000000
000000000000000000
000000000000000000
000000000000000000
.io_tile 0 7
000000000000000010
000100000000000000
000010000000000000
000011010000000001
000000000000000010
000000000000110000
000000000000000000
000000000000000000
000000000000000000
000000000000000000
000000000000000000
000000000000000000
000000000000000000
000000000000000000
000000000000000000
000000000000000000
.logic_tile 1 7
000000000000000000000000000000000000000000000000000000
000000000000000000000000000000000000000000000000000000
000000000000000000000000000000000000000000000000000000
000000000000000000000000000000000000000000000000000000
000000000000000000000000000000000000000000000000000000
000000000000000000000000000000000000000000000000000000
000000000000000000000000000000000000000000000000000000
000000000000000000000000000000000000000000000000000000
000000000000000000000000000000000000000000000000000000
000000000000000000000000000000000000000000000000000000
000000000000000000000000000000000000000000000000000000
000000000000000000000000000000000000000000000000000000
000000000000000000000000000000000000000000000000000000
000000000000000000000000000000000000000000000000000000
000000000000000000000000000000000000000000000000000000
000000000000000000000000000000000000000000000000000000
.logic_tile 2 7
000000000000000000000110000001000000000000001000000000
000000000000000000000100000000100000000000000000001000
000000000000000000000010100000000000000000001000000000
000000000000000101000000000000001110000000000000000000
000000000000100000000000000000001001001100111000000000
000000000001010000000000000000001010110011000000000000
000000000000000101000000000000001001001100111000000000
000000000000000000000010100000001011110011000000000000
000000000000000000000000000000001001001100111000000000
000000000000000000000000000000001000110011000000000000
000000000000000000000110110000001001001100111000000000
000000000000000000000010100000001001110011000000000000
000000000000001000000000000000001001001100111000000000
000000000000001001000000000000001101110011000000000000
000000000000000000000000000000001001001100111000000000
000000000000000000000000000000001101110011000000000000
.logic_tile 3 7
000000000001001000000110011011000001000000000000000000
000000000000001111000011001011101100000000010000000000
111000000000001001100110011001100001000000010000000000
000000000000000011000010101101001110000000000000000000
000000000000001001100110000101101100100000000000000000
000000000110001111000010010101001000000000000000000001
000000000000001000000110110011000001000000010000000000
000000000000000001000010000011001000000000000000100000
000000000000001001100010101001101010000100000000000000
000000000000000001100100000011111111000000000000000000
000000000000001000000000010001101001010000000000000000
000000000000001011000010001101011001000000000000000000
000000000000000000000010100101000001000000000100000000
000010000000000000000100001101001001000000010000000000
010000000000000000000000000101100000000011000100000000
000000000000001101000000001001101010000011010000000000
.logic_tile 4 7
000000000000000000000010000000000000000000000000000000
000000000000000000000000000000000000000000000000000000
111000000000000000000000000000000000000000000101000000
000000000000000000000000001001000000000010000000000000
000000000000000000000000000000000000000000000100000010
000000000000000000000000000011000000000010000000100010
000000000000000000000000000000000000000000000000000000
000000000000000000000000000000000000000000000000000000
000000000000001000000000000000000000000000000000000000
000000000000000011000000000000000000000000000000000000
000000000000000000000000000000000000000000000000000000
000000000000000000000000000000000000000000000000000000
000000000000000000000000000000000000000000000000000000
000000000000000000000000000000000000000000000000000000
000000000000000000000000000000000000000000000000000000
000000000000000000000000000000000000000000000000000000
.logic_tile 5 7
000000000000000000000000000000000000000000000000000000
000000000000000000000000000000000000000000000000000000
000000000000000000000000000000000000000000000000000000
000000000000000000000000000000000000000000000000000000
000000000000000000000000000000000000000000000000000000
000000000000000000000000000000000000000000000000000000
000000000000000000000000000000000000000000000000000000
000000000000000000000000000000000000000000000000000000
000000000000000000000000000000000000000000000000000000
000000000000000000000000000000000000000000000000000000
000000000000000000000000000000000000000000000000000000
000000000000000000000000000000000000000000000000000000
000000000000000000000000000000000000000000000000000000
000000000000000000000000000000000000000000000000000000
000000000000000000000000000000000000000000000000000000
000000000000000000000000000000000000000000000000000000
.logic_tile 6 7
000000000000000000000000000000000000000000000000000000
000000000000000000000000000000000000000000000000000000
000000000000000000000000000000000000000000000000000000
000000000000000000000000000000000000000000000000000000
000000000000000000000000000000000000000000000000000000
000000000000000000000000000000000000000000000000000000
000000000000000000000000000000000000000000000000000000
000000000000000000000000000000000000000000000000000000
000000000000000000000000000000000000000000000000000000
000000000000000000000000000000000000000000000000000000
000000000000000000000000000000000000000000000000000000
000000000000000000000000000000000000000000000000000000
000000000000000000000000000000000000000000000000000000
000000000000000000000000000000000000000000000000000000
000000000000000000000000000000000000000000000000000000
000000000000000000000000000000000000000000000000000000
.io_tile 7 7
000000000000000000
000000000000000000
000000000000000000
000000000000000000
000000000000000000
000000000000000000
000000000000000000
000000000000000000
000000000000000000
000000000000000000
000000000000000000
000000000000000000
000000000000000000
000000000000000000
000000000000000000
000000000000000000
.io_tile 0 8
000000000000000000
000000000000000000
000000000000000000
000000000000000000
000000000000000000
000000000000000000
000000000000000000
000000000000000000
000000000000000000
000000000000000000
000000000000000000
000000000000000000
000000000000000000
000000000000000000
000000000000000000
000000000000000000
.logic_tile 1 8
000000000000000000000000000000000000000000000000000000
000000000000000000000000000000000000000000000000000000
000000000000000000000000000000000000000000000000000000
000000000000000000000000000000000000000000000000000000
000000000000000000000000000000000000000000000000000000
000000000000000000000000000000000000000000000000000000
000000000000000000000000000000000000000000000000000000
000000000000000000000000000000000000000000000000000000
000000000000000000000000000000000000000000000000000000
000000000000000000000000000000000000000000000000000000
000000000000000000000000000000000000000000000000000000
000000000000000000000000000000000000000000000000000000
000000000000000000000000000000000000000000000000000000
000000000000000000000000000000000000000000000000000000
000000000000000000000000000000000000000000000000000000
000000000000000000000000000000000000000000000000000000
.logic_tile 2 8
000000000000001001100011110000001001001100111000000000
000000000000000001000010000000001001110011000000010000
111000000000000000000000010000001001001100111000000000
000000000000000000000010000000001010110011000000000000
000000000000000000000011100000001000001100110000000000
000000000000000000000000000000001111110011000000000000
000000000000001000000000000001000000000011000100000000
000000000000000001000000001011101001000011010000000000
000000000000000000000010001001000000000011000100000000
000000000000000000000000001011001011000011010000000001
000000000000000000000000010000000000000000000000000000
000000000000000000000011110000000000000000000000000000
000000000000000000000110001001000000000000000100000000
000000000000000000000000001011101000000000010000000001
010000000000000000000000000000000000000000000000000000
000000000000000000000000000000000000000000000000000000
.logic_tile 3 8
000000000000000011100000001000000000000000000100000000
000000000000000000100000001001000000000010000000000000
111000000000000000000000010000000000000000000100000000
000000000000000000000011110001000000000010000000000000
000000000000000000000000000000000000000000000000000000
000000000000000000000000000000000000000000000000000000
000000000000000000000000000000000000000000000000000000
000000000000000000000000000000000000000000000000000000
000000000000000000000000000000000000000000000100000000
000000000000000000000010001011000000000010000000000000
000000000000000000000000000000000000000000000000000000
000000000000000000000000000000000000000000000000000000
000000000000000000000000000000000000000000000000000000
000000000000000000000000000000000000000000000000000000
000000000000100000000000000000000000000000000000000000
000000000000000000000000000000000000000000000000000000
.logic_tile 4 8
000000000000000000000000000000000000000000000000000000
000000000000000000000000000000000000000000000000000000
000000000000000000000000000000000000000000000000000000
000000000000000000000000000000000000000000000000000000
000000000000000000000000000000000000000000000000000000
000000000000000000000000000000000000000000000000000000
000000000000000000000000000000000000000000000000000000
000000000000000000000000000000000000000000000000000000
000000000000000000000000000000000000000000000000000000
000000000000000000000000000000000000000000000000000000
000000000000000000000000000000000000000000000000000000
000000000000000000000000000000000000000000000000000000
000000000000000000000000000000000000000000000000000000
000000000000000000000000000000000000000000000000000000
000000000000000000000000000000000000000000000000000000
000000000000000000000000000000000000000000000000000000
.logic_tile 5 8
000000000000000000000000000000000000000000000000000000
000000000000000000000000000000000000000000000000000000
000000000000000000000000000000000000000000000000000000
000000000000000000010000000000000000000000000000000000
000000000000000000000000000000000000000000000000000000
000000000000000000000000000000000000000000000000000000
000000000000000000000000000000000000000000000000000000
000000000000000000000000000000000000000000000000000000
000000000000000000000000000000000000000000000000000000
000000000000000000000000000000000000000000000000000000
000000000000000000000000000000000000000000000000000000
000000000000000000000000000000000000000000000000000000
000000000000000000000000000000000000000000000000000000
000000000000000000000000000000000000000000000000000000
000000000000000000000000000000000000000000000000000000
000000000000000000000000000000000000000000000000000000
.logic_tile 6 8
000000000000000000000000000000000000000000000000000000
000000000000000000000000000000000000000000000000000000
000000000000000000000000000000000000000000000000000000
000000000000000000000000000000000000000000000000000000
000000000000000000000000000000000000000000000000000000
000000000000000000000000000000000000000000000000000000
000000000000000000000000000000000000000000000000000000
000000000000000000000000000000000000000000000000000000
000000000000000000000000000000000000000000000000000000
000000000000000000000000000000000000000000000000000000
000000000000000000000000000000000000000000000000000000
000000000000000000000000000000000000000000000000000000
000000000000000000000000000000000000000000000000000000
000000000000000000000000000000000000000000000000000000
000000000000000000000000000000000000000000000000000000
000000000000010000000000000000000000000000000000000000
.io_tile 7 8
000000000000000000
000000000000000000
000000000000000000
000000000000000000
000000000000000000
000000000000000000
000000000000000000
000000000000000000
000000000000000000
000000000000000000
000000000000000000
000000000000000000
000000000000000000
000000000000000000
000000000000000000
000000000000000000
.io_tile 1 9
000000000000000000
000000000000000000
000000000000000000
000000000000000000
000000000000000000
000000000000000000
000000000000000000
000000000000000000
000000000000000000
000000000000000000
000000000000000000
000000000000000000
000000000000000000
000000000000000000
000000000000000000
000000000000000000
.io_tile 2 9
000000000000000010
000101010000000000
000000000000000000
000000000000000001
000000000000000010
000000000000010000
001000000000000000
000000000000000000
000000000000000000
000000000000000000
000000000000110010
000000000000010000
000000000000000000
000001010000000001
000000000000000010
000000000000000000
.io_tile 3 9
000000011000000000
000000001000000000
000000000000000000
000000000000000000
000000000000000000
000000000000000000
001000000000000000
000000000000000000
000000000000000000
000000000000000000
000000000000000010
000000000000010000
000000000000000000
000000000000000001
000000000000000010
000000000000000000
.io_tile 4 9
000000000000000000
100100000000000000
000000000000000000
000000000000000001
000000111000000100
000000001000000100
000100000000000000
000000000000000000
000000000000000000
000000000000000000
000000000000000000
000000000000000000
000000000000000000
000000000000000000
000000000000000000
000000000000000000
.io_tile 5 9
000000000000000000
000000000000000000
000000000000000000
000000000000000000
000000000000000000
000000000000000000
000000000000000000
000000000000000000
000000000000000000
000000000000000000
000000000000000000
000000000000000000
000000000000000000
000000000000000000
000000000000000000
000000000000000000
.io_tile 6 9
000000000000000000
000000000000000000
000000000000000000
000000000000000000
000000000000000000
000000000000000000
000000000000000000
000000000000000000
000000000000000000
000000000000000000
000000000000000000
000000000000000000
000000000000000000
000000000000000000
000000000000000000
000000000000000000
.sym 1 $abc$1710$n3$2
.sym 2 RX0.baudgen0.clk_out$2
.sym 4 $abc$1710$n14$2
.sym 6 $abc$1710$n164$2
.sym 7 clk$2$2
.sym 8 $abc$1710$n18$2
.sym 179 RX0.bitc[2]
.sym 180 RX0.bitc[3]
.sym 184 RX0.bitc[0]
.sym 290 $abc$1710$n10
.sym 291 $abc$1710$n9
.sym 294 $abc$1710$n166_1
.sym 295 RX0.bitc[1]
.sym 374 clk$2
.sym 380 clk$2
.sym 404 $abc$1710$n14
.sym 405 $abc$1710$n141_1
.sym 407 $abc$1710$n1
.sym 408 RX0.state[1]
.sym 409 RX0.state[2]
.sym 410 TX0.load
.sym 411 RX0.rcv
.sym 488 $abc$1710$n14
.sym 518 RX0.baudgen0.divcounter[1]
.sym 719 ledB$2
.sym 1325 rstn
.sym 1370 $true
.sym 1407 RX0.bitc[0]$2
.sym 1408 $false
.sym 1409 RX0.bitc[0]
.sym 1410 $false
.sym 1411 $false
.sym 1413 $auto$alumacc.cc:470:replace_alu$291.C[2]
.sym 1415 $false
.sym 1416 RX0.bitc[1]
.sym 1419 $auto$alumacc.cc:470:replace_alu$291.C[3]
.sym 1420 $false
.sym 1421 $false
.sym 1422 RX0.bitc[2]
.sym 1423 $auto$alumacc.cc:470:replace_alu$291.C[2]
.sym 1426 $false
.sym 1427 $false
.sym 1428 RX0.bitc[3]
.sym 1429 $auto$alumacc.cc:470:replace_alu$291.C[3]
.sym 1450 $false
.sym 1451 $true$2
.sym 1452 RX0.bitc[0]
.sym 1453 $false
.sym 1454 $abc$1710$n9
.sym 1455 clk$2$2
.sym 1456 $abc$1710$n1
.sym 1457 TX0.shifter[2]
.sym 1459 TX0.shifter[1]
.sym 1463 TX0.shifter[0]
.sym 1543 RX0.bitc[0]
.sym 1544 RX0.baudgen0.clk_out$2
.sym 1545 $abc$1710$n1
.sym 1546 $false
.sym 1549 RX0.baudgen0.clk_out$2
.sym 1550 $abc$1710$n1
.sym 1551 $false
.sym 1552 $false
.sym 1567 RX0.bitc[0]
.sym 1568 RX0.bitc[2]
.sym 1569 RX0.bitc[1]
.sym 1570 RX0.bitc[3]
.sym 1573 RX0.bitc[1]
.sym 1574 $false
.sym 1575 $false
.sym 1576 $false
.sym 1589 $abc$1710$n10
.sym 1590 clk$2$2
.sym 1591 $abc$1710$n1
.sym 1595 $abc$1710$n167_1
.sym 1599 TX0.data_r[0]
.sym 1678 RX0.state[2]
.sym 1679 RX0.state[0]
.sym 1680 RX0.rcv
.sym 1681 rstn
.sym 1684 RX0.rcv
.sym 1685 RX0.state[1]
.sym 1686 RX0.state[0]
.sym 1687 $false
.sym 1696 RX0.rcv
.sym 1697 RX0.state[1]
.sym 1698 RX0.state[2]
.sym 1699 $false
.sym 1702 $abc$1710$n166_1
.sym 1703 rstn
.sym 1704 RX0.state[2]
.sym 1705 $false
.sym 1708 $abc$1710$n166_1
.sym 1709 RX0.state[2]
.sym 1710 $abc$1710$n167_1
.sym 1711 rstn
.sym 1714 $abc$1710$n164$2
.sym 1715 rstn
.sym 1716 $false
.sym 1717 $false
.sym 1720 rstn
.sym 1721 RX0.state[1]
.sym 1722 $false
.sym 1723 $false
.sym 1724 $true
.sym 1725 clk$2$2
.sym 1726 $false
.sym 1728 $abc$1710$n142_1
.sym 1729 $abc$1710$n29
.sym 1731 RX0.baudgen0.divcounter[4]
.sym 1732 RX0.baudgen0.divcounter[2]
.sym 1733 RX0.baudgen0.divcounter[3]
.sym 1734 RX0.baudgen0.divcounter[5]
.sym 1813 $abc$1710$n141_1
.sym 1814 RX0.baudgen0.divcounter[1]
.sym 1815 $false
.sym 1816 $false
.sym 1859 $abc$1710$n29
.sym 1860 clk$2$2
.sym 1861 $abc$1710$n3$2
.sym 1864 $abc$1710$n227
.sym 1865 $abc$1710$n228
.sym 1866 $abc$1710$n229
.sym 1867 $abc$1710$n230
.sym 1868 $abc$1710$n231
.sym 1869 $abc$1710$n232
.sym 1997 $abc$1710$n233
.sym 1998 $abc$1710$n234
.sym 1999 $abc$1710$n235
.sym 2000 RX0.baudgen0.divcounter[10]
.sym 2001 RX0.baudgen0.divcounter[9]
.sym 2003 RX0.baudgen0.divcounter[8]
.sym 2533 $abc$1710$n260
.sym 2534 $abc$1710$n261
.sym 2535 $abc$1710$n262
.sym 2536 $abc$1710$n263
.sym 2537 $abc$1710$n264
.sym 2538 $abc$1710$n265
.sym 2623 $true$2
.sym 2624 $false
.sym 2625 $false
.sym 2626 $false
.sym 2651 $true
.sym 2652 clk$2$2
.sym 2653 $false
.sym 2654 $abc$1710$n266
.sym 2655 $abc$1710$n267
.sym 2656 $abc$1710$n268
.sym 2657 TX0.BAUD0.divcounter[10]
.sym 2658 TX0.BAUD0.divcounter[6]
.sym 2659 TX0.BAUD0.divcounter[8]
.sym 2660 TX0.BAUD0.divcounter[9]
.sym 2661 TX0.BAUD0.divcounter[7]
.sym 2728 TX0.data_r[0]
.sym 2729 TX0.shifter[3]
.sym 2730 TX0.load
.sym 2731 $false
.sym 2740 TX0.load
.sym 2741 TX0.shifter[2]
.sym 2742 $false
.sym 2743 $false
.sym 2764 TX0.load
.sym 2765 TX0.shifter[1]
.sym 2766 $false
.sym 2767 $false
.sym 2774 $abc$1710$n18$2
.sym 2775 clk$2$2
.sym 2776 $abc$1710$n3$2
.sym 2778 $abc$1710$n148_1
.sym 2779 $abc$1710$n164
.sym 2781 $abc$1710$n163_1
.sym 2782 TX0.state[0]
.sym 2783 RX0.state[0]
.sym 2784 TX0.state[1]
.sym 2869 RX0.rx_r
.sym 2870 RX0.state[0]
.sym 2871 $false
.sym 2872 $false
.sym 2893 RX0.data[0]
.sym 2894 $false
.sym 2895 $false
.sym 2896 $false
.sym 2897 $abc$1710$n164$2
.sym 2898 clk$2$2
.sym 2899 $false
.sym 2902 $abc$1710$n225
.sym 2903 RX0.baudgen0.divcounter[0]
.sym 2980 RX0.baudgen0.divcounter[2]
.sym 2981 RX0.baudgen0.divcounter[3]
.sym 2982 RX0.baudgen0.divcounter[4]
.sym 2983 RX0.baudgen0.divcounter[5]
.sym 2986 $abc$1710$n153
.sym 2987 RX0.baudgen0.divcounter[0]
.sym 2988 rstn
.sym 2989 $abc$1710$n141_1
.sym 2998 $abc$1710$n153
.sym 2999 $abc$1710$n141_1
.sym 3000 $abc$1710$n229
.sym 3001 $false
.sym 3004 $abc$1710$n153
.sym 3005 $abc$1710$n141_1
.sym 3006 $abc$1710$n227
.sym 3007 $false
.sym 3010 $abc$1710$n153
.sym 3011 $abc$1710$n141_1
.sym 3012 $abc$1710$n228
.sym 3013 $false
.sym 3016 $abc$1710$n153
.sym 3017 $abc$1710$n141_1
.sym 3018 $abc$1710$n230
.sym 3019 $false
.sym 3020 $true
.sym 3021 clk$2$2
.sym 3022 $abc$1710$n3$2
.sym 3023 $abc$1710$n154
.sym 3024 $abc$1710$n139_1
.sym 3025 RX0.baudgen0.clk_out
.sym 3026 $abc$1710$n153
.sym 3027 $abc$1710$n140_1
.sym 3028 $abc$1710$n155
.sym 3029 RX0.baudgen0.divcounter[6]
.sym 3030 RX0.baudgen0.divcounter[7]
.sym 3059 $true
.sym 3096 RX0.baudgen0.divcounter[0]$2
.sym 3097 $false
.sym 3098 RX0.baudgen0.divcounter[0]
.sym 3099 $false
.sym 3100 $false
.sym 3102 $auto$alumacc.cc:470:replace_alu$294.C[2]
.sym 3104 $false
.sym 3105 RX0.baudgen0.divcounter[1]
.sym 3108 $auto$alumacc.cc:470:replace_alu$294.C[3]
.sym 3109 $false
.sym 3110 $false
.sym 3111 RX0.baudgen0.divcounter[2]
.sym 3112 $auto$alumacc.cc:470:replace_alu$294.C[2]
.sym 3114 $auto$alumacc.cc:470:replace_alu$294.C[4]
.sym 3115 $false
.sym 3116 $false
.sym 3117 RX0.baudgen0.divcounter[3]
.sym 3118 $auto$alumacc.cc:470:replace_alu$294.C[3]
.sym 3120 $auto$alumacc.cc:470:replace_alu$294.C[5]
.sym 3121 $false
.sym 3122 $false
.sym 3123 RX0.baudgen0.divcounter[4]
.sym 3124 $auto$alumacc.cc:470:replace_alu$294.C[4]
.sym 3126 $auto$alumacc.cc:470:replace_alu$294.C[6]
.sym 3127 $false
.sym 3128 $false
.sym 3129 RX0.baudgen0.divcounter[5]
.sym 3130 $auto$alumacc.cc:470:replace_alu$294.C[5]
.sym 3132 $auto$alumacc.cc:470:replace_alu$294.C[7]
.sym 3133 $false
.sym 3134 $false
.sym 3135 RX0.baudgen0.divcounter[6]
.sym 3136 $auto$alumacc.cc:470:replace_alu$294.C[6]
.sym 3138 $auto$alumacc.cc:470:replace_alu$294.C[8]
.sym 3139 $false
.sym 3140 $false
.sym 3141 RX0.baudgen0.divcounter[7]
.sym 3142 $auto$alumacc.cc:470:replace_alu$294.C[7]
.sym 3146 ledR$2
.sym 3147 TX0.tx
.sym 3150 ledG$2
.sym 3182 $auto$alumacc.cc:470:replace_alu$294.C[8]
.sym 3219 $auto$alumacc.cc:470:replace_alu$294.C[9]
.sym 3220 $false
.sym 3221 $false
.sym 3222 RX0.baudgen0.divcounter[8]
.sym 3223 $auto$alumacc.cc:470:replace_alu$294.C[8]
.sym 3225 $auto$alumacc.cc:470:replace_alu$294.C[10]
.sym 3226 $false
.sym 3227 $false
.sym 3228 RX0.baudgen0.divcounter[9]
.sym 3229 $auto$alumacc.cc:470:replace_alu$294.C[9]
.sym 3232 $false
.sym 3233 $false
.sym 3234 RX0.baudgen0.divcounter[10]
.sym 3235 $auto$alumacc.cc:470:replace_alu$294.C[10]
.sym 3238 $abc$1710$n153
.sym 3239 $abc$1710$n235
.sym 3240 $abc$1710$n141_1
.sym 3241 $false
.sym 3244 $abc$1710$n153
.sym 3245 $abc$1710$n234
.sym 3246 $abc$1710$n141_1
.sym 3247 $false
.sym 3256 $abc$1710$n153
.sym 3257 $abc$1710$n141_1
.sym 3258 $abc$1710$n233
.sym 3259 $false
.sym 3266 $true
.sym 3267 clk$2$2
.sym 3268 $abc$1710$n3$2
.sym 3314 ledR$2
.sym 3317 ledG$2
.sym 3343 $abc$1710$n164
.sym 3497 $abc$1710$n3
.sym 3499 TX0.BAUD0.divcounter[1]
.sym 3656 $abc$1710$n149
.sym 3657 $abc$1710$n35
.sym 3659 TX0.BAUD0.divcounter[4]
.sym 3660 TX0.BAUD0.divcounter[5]
.sym 3661 TX0.BAUD0.divcounter[3]
.sym 3663 TX0.BAUD0.divcounter[2]
.sym 3692 $true
.sym 3729 TX0.BAUD0.divcounter[0]$2
.sym 3730 $false
.sym 3731 TX0.BAUD0.divcounter[0]
.sym 3732 $false
.sym 3733 $false
.sym 3735 $auto$alumacc.cc:470:replace_alu$300.C[2]
.sym 3737 $false
.sym 3738 TX0.BAUD0.divcounter[1]
.sym 3741 $auto$alumacc.cc:470:replace_alu$300.C[3]
.sym 3742 $false
.sym 3743 $false
.sym 3744 TX0.BAUD0.divcounter[2]
.sym 3745 $auto$alumacc.cc:470:replace_alu$300.C[2]
.sym 3747 $auto$alumacc.cc:470:replace_alu$300.C[4]
.sym 3748 $false
.sym 3749 $false
.sym 3750 TX0.BAUD0.divcounter[3]
.sym 3751 $auto$alumacc.cc:470:replace_alu$300.C[3]
.sym 3753 $auto$alumacc.cc:470:replace_alu$300.C[5]
.sym 3754 $false
.sym 3755 $false
.sym 3756 TX0.BAUD0.divcounter[4]
.sym 3757 $auto$alumacc.cc:470:replace_alu$300.C[4]
.sym 3759 $auto$alumacc.cc:470:replace_alu$300.C[6]
.sym 3760 $false
.sym 3761 $false
.sym 3762 TX0.BAUD0.divcounter[5]
.sym 3763 $auto$alumacc.cc:470:replace_alu$300.C[5]
.sym 3765 $auto$alumacc.cc:470:replace_alu$300.C[7]
.sym 3766 $false
.sym 3767 $false
.sym 3768 TX0.BAUD0.divcounter[6]
.sym 3769 $auto$alumacc.cc:470:replace_alu$300.C[6]
.sym 3771 $auto$alumacc.cc:470:replace_alu$300.C[8]
.sym 3772 $false
.sym 3773 $false
.sym 3774 TX0.BAUD0.divcounter[7]
.sym 3775 $auto$alumacc.cc:470:replace_alu$300.C[7]
.sym 3779 $abc$1710$n158
.sym 3781 $abc$1710$n150
.sym 3782 $abc$1710$n159
.sym 3783 $abc$1710$n157
.sym 3784 $abc$1710$n147
.sym 3785 $abc$1710$n146
.sym 3786 $abc$1710$n202_1
.sym 3815 $auto$alumacc.cc:470:replace_alu$300.C[8]
.sym 3852 $auto$alumacc.cc:470:replace_alu$300.C[9]
.sym 3853 $false
.sym 3854 $false
.sym 3855 TX0.BAUD0.divcounter[8]
.sym 3856 $auto$alumacc.cc:470:replace_alu$300.C[8]
.sym 3858 $auto$alumacc.cc:470:replace_alu$300.C[10]
.sym 3859 $false
.sym 3860 $false
.sym 3861 TX0.BAUD0.divcounter[9]
.sym 3862 $auto$alumacc.cc:470:replace_alu$300.C[9]
.sym 3865 $false
.sym 3866 $false
.sym 3867 TX0.BAUD0.divcounter[10]
.sym 3868 $auto$alumacc.cc:470:replace_alu$300.C[10]
.sym 3871 $abc$1710$n202_1
.sym 3872 $abc$1710$n268
.sym 3873 $abc$1710$n148_1
.sym 3874 $false
.sym 3877 $abc$1710$n157
.sym 3878 $abc$1710$n264
.sym 3879 $false
.sym 3880 $false
.sym 3883 $abc$1710$n157
.sym 3884 $abc$1710$n266
.sym 3885 $false
.sym 3886 $false
.sym 3889 $abc$1710$n202_1
.sym 3890 $abc$1710$n267
.sym 3891 $abc$1710$n148_1
.sym 3892 $false
.sym 3895 $abc$1710$n202_1
.sym 3896 $abc$1710$n265
.sym 3897 $abc$1710$n148_1
.sym 3898 $false
.sym 3899 $true
.sym 3900 clk$2$2
.sym 3901 $abc$1710$n3$2
.sym 3903 $abc$1710$n258
.sym 3905 TX0.BAUD0.divcounter[0]
.sym 3982 TX0.load
.sym 3983 TX0.state[1]
.sym 3984 $false
.sym 3985 $false
.sym 3988 RX0.rcv
.sym 3989 TX0.state[0]
.sym 3990 $false
.sym 3991 $false
.sym 4000 RX0.rcv
.sym 4001 TX0.state[0]
.sym 4002 rstn
.sym 4003 $false
.sym 4006 TX0.state[1]
.sym 4007 $abc$1710$n162
.sym 4008 $abc$1710$n163_1
.sym 4009 $false
.sym 4012 RX0.state[0]
.sym 4013 RX0.rx_r
.sym 4014 RX0.rcv
.sym 4015 rstn
.sym 4018 $abc$1710$n162
.sym 4019 TX0.state[1]
.sym 4020 TX0.load
.sym 4021 rstn
.sym 4022 $true
.sym 4023 clk$2$2
.sym 4024 $false
.sym 4028 $abc$1710$n195
.sym 4029 $true$2
.sym 4031 TX0.bitc[0]
.sym 4111 $false
.sym 4112 $true$2
.sym 4113 RX0.baudgen0.divcounter[0]
.sym 4114 $false
.sym 4117 $abc$1710$n153
.sym 4118 $abc$1710$n141_1
.sym 4119 $abc$1710$n225
.sym 4120 $false
.sym 4145 $true
.sym 4146 clk$2$2
.sym 4147 $abc$1710$n3$2
.sym 4149 ledB$2
.sym 4150 RX0.rx_r
.sym 4222 RX0.baudgen0.divcounter[6]
.sym 4223 RX0.baudgen0.divcounter[10]
.sym 4224 RX0.baudgen0.divcounter[1]
.sym 4225 $false
.sym 4228 RX0.baudgen0.divcounter[6]
.sym 4229 RX0.baudgen0.divcounter[8]
.sym 4230 RX0.baudgen0.divcounter[9]
.sym 4231 $false
.sym 4234 $abc$1710$n139_1
.sym 4235 $abc$1710$n140_1
.sym 4236 $abc$1710$n141_1
.sym 4237 $abc$1710$n142_1
.sym 4240 $abc$1710$n142_1
.sym 4241 $abc$1710$n154
.sym 4242 $abc$1710$n155
.sym 4243 $false
.sym 4246 RX0.baudgen0.divcounter[1]
.sym 4247 RX0.baudgen0.divcounter[7]
.sym 4248 RX0.baudgen0.divcounter[10]
.sym 4249 RX0.baudgen0.divcounter[0]
.sym 4252 RX0.baudgen0.divcounter[0]
.sym 4253 RX0.baudgen0.divcounter[8]
.sym 4254 RX0.baudgen0.divcounter[7]
.sym 4255 RX0.baudgen0.divcounter[9]
.sym 4258 $abc$1710$n153
.sym 4259 $abc$1710$n141_1
.sym 4260 $abc$1710$n231
.sym 4261 $false
.sym 4264 $abc$1710$n153
.sym 4265 $abc$1710$n232
.sym 4266 $abc$1710$n141_1
.sym 4267 $false
.sym 4268 $true
.sym 4269 clk$2$2
.sym 4270 $abc$1710$n3$2
.sym 4345 RX0.data[0]
.sym 4346 $false
.sym 4347 $false
.sym 4348 $false
.sym 4351 TX0.shifter[0]
.sym 4352 $false
.sym 4353 $false
.sym 4354 $false
.sym 4369 RX0.data[1]
.sym 4370 $false
.sym 4371 $false
.sym 4372 $false
.sym 4391 $true
.sym 4392 clk$2$2
.sym 4393 $false
.sym 4394 rx$2
.sym 4442 TX0.tx
.sym 4468 $abc$1710$n3
.sym 4495 RX0.data[2]
.sym 4497 RX0.data[4]
.sym 4500 RX0.data[3]
.sym 4623 TX0.data_r[4]
.sym 4624 TX0.data_r[7]
.sym 4626 TX0.data_r[5]
.sym 4628 TX0.data_r[6]
.sym 4732 rstn
.sym 4733 $false
.sym 4734 $false
.sym 4735 $false
.sym 4744 $abc$1710$n148_1
.sym 4745 TX0.BAUD0.divcounter[1]
.sym 4746 $false
.sym 4747 $false
.sym 4778 $abc$1710$n35
.sym 4779 clk$2$2
.sym 4780 $abc$1710$n3$2
.sym 4781 TX0.shifter[8]
.sym 4782 TX0.shifter[3]
.sym 4783 TX0.shifter[4]
.sym 4784 TX0.shifter[5]
.sym 4785 TX0.shifter[6]
.sym 4786 TX0.shifter[9]
.sym 4787 TX0.shifter[7]
.sym 4855 TX0.BAUD0.divcounter[2]
.sym 4856 TX0.BAUD0.divcounter[3]
.sym 4857 TX0.BAUD0.divcounter[4]
.sym 4858 TX0.BAUD0.divcounter[5]
.sym 4861 TX0.BAUD0.divcounter[0]
.sym 4862 rstn
.sym 4863 $abc$1710$n157
.sym 4864 $false
.sym 4873 $abc$1710$n157
.sym 4874 $abc$1710$n262
.sym 4875 $false
.sym 4876 $false
.sym 4879 $abc$1710$n157
.sym 4880 $abc$1710$n263
.sym 4881 $false
.sym 4882 $false
.sym 4885 $abc$1710$n157
.sym 4886 $abc$1710$n261
.sym 4887 $false
.sym 4888 $false
.sym 4897 $abc$1710$n157
.sym 4898 $abc$1710$n260
.sym 4899 $false
.sym 4900 $false
.sym 4901 $true
.sym 4902 clk$2$2
.sym 4903 $abc$1710$n3$2
.sym 4904 $abc$1710$n18
.sym 4906 TX0.data_r[3]
.sym 4907 TX0.data_r[2]
.sym 4911 TX0.data_r[1]
.sym 4978 TX0.BAUD0.divcounter[8]
.sym 4979 TX0.BAUD0.divcounter[1]
.sym 4980 TX0.BAUD0.divcounter[7]
.sym 4981 TX0.BAUD0.divcounter[10]
.sym 4990 TX0.BAUD0.divcounter[7]
.sym 4991 TX0.BAUD0.divcounter[9]
.sym 4992 TX0.BAUD0.divcounter[10]
.sym 4993 $false
.sym 4996 TX0.BAUD0.divcounter[0]
.sym 4997 TX0.BAUD0.divcounter[6]
.sym 4998 TX0.BAUD0.divcounter[9]
.sym 4999 $false
.sym 5002 $abc$1710$n158
.sym 5003 $abc$1710$n159
.sym 5004 $abc$1710$n149
.sym 5005 $abc$1710$n148_1
.sym 5008 TX0.BAUD0.divcounter[0]
.sym 5009 TX0.BAUD0.divcounter[6]
.sym 5010 TX0.BAUD0.divcounter[8]
.sym 5011 TX0.BAUD0.divcounter[1]
.sym 5014 $abc$1710$n148_1
.sym 5015 $abc$1710$n147
.sym 5016 $abc$1710$n149
.sym 5017 $abc$1710$n150
.sym 5020 $abc$1710$n149
.sym 5021 $abc$1710$n158
.sym 5022 $abc$1710$n159
.sym 5023 $false
.sym 5029 $abc$1710$n199
.sym 5030 $abc$1710$n201
.sym 5031 $abc$1710$n162
.sym 5032 TX0.bitc[2]
.sym 5034 TX0.bitc[3]
.sym 5107 $false
.sym 5108 $true$2
.sym 5109 TX0.BAUD0.divcounter[0]
.sym 5110 $false
.sym 5119 $abc$1710$n157
.sym 5120 $abc$1710$n258
.sym 5121 $false
.sym 5122 $false
.sym 5147 $true
.sym 5148 clk$2$2
.sym 5149 $abc$1710$n3$2
.sym 5153 $abc$1710$n23
.sym 5155 TX0.bitc[1]
.sym 5242 $false
.sym 5243 $true$2
.sym 5244 TX0.bitc[0]
.sym 5245 $false
.sym 5248 $false
.sym 5249 $false
.sym 5250 $false
.sym 5251 $false
.sym 5260 TX0.load
.sym 5261 $abc$1710$n195
.sym 5262 $false
.sym 5263 $false
.sym 5270 $abc$1710$n18$2
.sym 5271 clk$2$2
.sym 5272 $abc$1710$n3$2
.sym 5353 RX0.data[2]
.sym 5354 $false
.sym 5355 $false
.sym 5356 $false
.sym 5359 rx$2
.sym 5360 $false
.sym 5361 $false
.sym 5362 $false
.sym 5393 $true
.sym 5394 clk$2$2
.sym 5395 $false
.sym 5563 RX0.baudgen0.clk_out
.sym 5620 RX0.raw_data[2]
.sym 5621 RX0.raw_data[5]
.sym 5622 RX0.raw_data[4]
.sym 5625 RX0.raw_data[3]
.sym 5700 RX0.raw_data[3]
.sym 5701 $false
.sym 5702 $false
.sym 5703 $false
.sym 5712 RX0.raw_data[5]
.sym 5713 $false
.sym 5714 $false
.sym 5715 $false
.sym 5730 RX0.raw_data[4]
.sym 5731 $false
.sym 5732 $false
.sym 5733 $false
.sym 5740 $abc$1710$n14$2
.sym 5741 clk$2$2
.sym 5742 $abc$1710$n3$2
.sym 5748 RX0.data[7]
.sym 5749 RX0.data[5]
.sym 5752 RX0.data[6]
.sym 5863 RX0.data[4]
.sym 5864 $false
.sym 5865 $false
.sym 5866 $false
.sym 5869 RX0.data[7]
.sym 5870 $false
.sym 5871 $false
.sym 5872 $false
.sym 5881 RX0.data[5]
.sym 5882 $false
.sym 5883 $false
.sym 5884 $false
.sym 5893 RX0.data[6]
.sym 5894 $false
.sym 5895 $false
.sym 5896 $false
.sym 5903 $abc$1710$n164$2
.sym 5904 clk$2$2
.sym 5905 $false
.sym 5906 RX0.raw_data[7]
.sym 5907 RX0.raw_data[9]
.sym 5910 RX0.raw_data[8]
.sym 5911 RX0.raw_data[6]
.sym 5980 TX0.data_r[6]
.sym 5981 TX0.shifter[9]
.sym 5982 TX0.load
.sym 5983 $false
.sym 5986 TX0.data_r[1]
.sym 5987 TX0.shifter[4]
.sym 5988 TX0.load
.sym 5989 $false
.sym 5992 TX0.data_r[2]
.sym 5993 TX0.shifter[5]
.sym 5994 TX0.load
.sym 5995 $false
.sym 5998 TX0.data_r[3]
.sym 5999 TX0.shifter[6]
.sym 6000 TX0.load
.sym 6001 $false
.sym 6004 TX0.data_r[4]
.sym 6005 TX0.shifter[7]
.sym 6006 TX0.load
.sym 6007 $false
.sym 6010 TX0.data_r[7]
.sym 6011 TX0.load
.sym 6012 $false
.sym 6013 $false
.sym 6016 TX0.data_r[5]
.sym 6017 TX0.shifter[8]
.sym 6018 TX0.load
.sym 6019 $false
.sym 6026 $abc$1710$n18$2
.sym 6027 clk$2$2
.sym 6028 $abc$1710$n3$2
.sym 6030 RX0.data[1]
.sym 6103 $abc$1710$n146
.sym 6104 TX0.load
.sym 6105 rstn
.sym 6106 $false
.sym 6115 RX0.data[3]
.sym 6116 $false
.sym 6117 $false
.sym 6118 $false
.sym 6121 RX0.data[2]
.sym 6122 $false
.sym 6123 $false
.sym 6124 $false
.sym 6145 RX0.data[1]
.sym 6146 $false
.sym 6147 $false
.sym 6148 $false
.sym 6149 $abc$1710$n164$2
.sym 6150 clk$2$2
.sym 6151 $false
.sym 6153 RX0.raw_data[1]
.sym 6188 $true
.sym 6225 TX0.bitc[0]$2
.sym 6226 $false
.sym 6227 TX0.bitc[0]
.sym 6228 $false
.sym 6229 $false
.sym 6231 $auto$alumacc.cc:470:replace_alu$297.C[2]
.sym 6233 $false
.sym 6234 TX0.bitc[1]
.sym 6237 $auto$alumacc.cc:470:replace_alu$297.C[3]
.sym 6238 $false
.sym 6239 $false
.sym 6240 TX0.bitc[2]
.sym 6241 $auto$alumacc.cc:470:replace_alu$297.C[2]
.sym 6244 $false
.sym 6245 $false
.sym 6246 TX0.bitc[3]
.sym 6247 $auto$alumacc.cc:470:replace_alu$297.C[3]
.sym 6250 TX0.bitc[2]
.sym 6251 TX0.bitc[0]
.sym 6252 TX0.bitc[1]
.sym 6253 TX0.bitc[3]
.sym 6256 TX0.load
.sym 6257 $abc$1710$n199
.sym 6258 $false
.sym 6259 $false
.sym 6268 TX0.load
.sym 6269 $abc$1710$n201
.sym 6270 $false
.sym 6271 $false
.sym 6272 $abc$1710$n18$2
.sym 6273 clk$2$2
.sym 6274 $abc$1710$n3$2
.sym 6282 RX0.data[0]
.sym 6367 $abc$1710$n146
.sym 6368 TX0.bitc[0]
.sym 6369 TX0.load
.sym 6370 rstn
.sym 6379 TX0.load
.sym 6380 TX0.bitc[1]
.sym 6381 $false
.sym 6382 $false
.sym 6395 $abc$1710$n23
.sym 6396 clk$2$2
.sym 6397 $abc$1710$n3$2
.sym 6816 RX0.raw_data[3]
.sym 6817 $false
.sym 6818 $false
.sym 6819 $false
.sym 6822 RX0.raw_data[6]
.sym 6823 $false
.sym 6824 $false
.sym 6825 $false
.sym 6828 RX0.raw_data[5]
.sym 6829 $false
.sym 6830 $false
.sym 6831 $false
.sym 6846 RX0.raw_data[4]
.sym 6847 $false
.sym 6848 $false
.sym 6849 $false
.sym 6856 RX0.baudgen0.clk_out$2
.sym 6857 clk$2$2
.sym 6858 $false
.sym 6983 RX0.raw_data[8]
.sym 6984 $false
.sym 6985 $false
.sym 6986 $false
.sym 6989 RX0.raw_data[6]
.sym 6990 $false
.sym 6991 $false
.sym 6992 $false
.sym 7007 RX0.raw_data[7]
.sym 7008 $false
.sym 7009 $false
.sym 7010 $false
.sym 7023 $abc$1710$n14$2
.sym 7024 clk$2$2
.sym 7025 $abc$1710$n3$2
.sym 7132 RX0.raw_data[8]
.sym 7133 $false
.sym 7134 $false
.sym 7135 $false
.sym 7138 RX0.rx_r
.sym 7139 $false
.sym 7140 $false
.sym 7141 $false
.sym 7156 RX0.raw_data[9]
.sym 7157 $false
.sym 7158 $false
.sym 7159 $false
.sym 7162 RX0.raw_data[7]
.sym 7163 $false
.sym 7164 $false
.sym 7165 $false
.sym 7178 RX0.baudgen0.clk_out$2
.sym 7179 clk$2$2
.sym 7180 $false
.sym 7293 RX0.raw_data[2]
.sym 7294 $false
.sym 7295 $false
.sym 7296 $false
.sym 7333 $abc$1710$n14$2
.sym 7334 clk$2$2
.sym 7335 $abc$1710$n3$2
.sym 7448 RX0.raw_data[2]
.sym 7449 $false
.sym 7450 $false
.sym 7451 $false
.sym 7488 RX0.baudgen0.clk_out$2
.sym 7489 clk$2$2
.sym 7490 $false
.sym 7639 RX0.raw_data[1]
.sym 7640 $false
.sym 7641 $false
.sym 7642 $false
.sym 7643 $abc$1710$n14$2
.sym 7644 clk$2$2
.sym 7645 $abc$1710$n3$2
.sym 8161 $abc$1710$n18
